e94bc6d1-fb7c-418c-b1fa-02d5ebb0dbcf, 0.900000,1.000000,0.100000,0.000000,sieci/slacomp-germany.mat,3
66fef651-bbe2-404e-b4f2-126fa727cbec, 0.900000,1.000000,0.100000,0.000000,sieci/slacomp-us.mat,3
b3b4b122-da30-4bee-8ffb-f981d374154d, 0.900000,1.000000,0.100000,0.000010,sieci/slacomp-germany.mat,3
3e111d10-a190-4a6d-a9ff-173f27d9c2cb, 0.900000,1.000000,0.100000,0.000010,sieci/slacomp-us.mat,3
832ef6a7-b571-435b-8280-13d32f201a4b, 0.900000,1.000000,0.398107,0.000000,sieci/slacomp-germany.mat,3
61b52b08-bbce-43e1-bc6d-3236073ccb13, 0.900000,1.000000,0.398107,0.000000,sieci/slacomp-us.mat,3
56dd3017-9313-4690-8aa2-cc600648f577, 0.900000,1.000000,0.398107,0.000010,sieci/slacomp-germany.mat,3
297e0a6e-dc5b-48d7-9ee8-0def4195958c, 0.900000,1.000000,0.398107,0.000010,sieci/slacomp-us.mat,3
2a57d6b5-e905-462a-abf3-b85637bd11bc, 0.900000,1.000000,1.584893,0.000000,sieci/slacomp-germany.mat,3
a85c5c6e-67b6-45cc-985e-a22ef64047a4, 0.900000,1.000000,1.584893,0.000000,sieci/slacomp-us.mat,3
721875df-8c7b-4552-9a97-e7545fbc993a, 0.900000,1.000000,1.584893,0.000010,sieci/slacomp-germany.mat,3
fe9fa147-9e3b-44f7-9672-e7cdee7064bb, 0.900000,1.000000,1.584893,0.000010,sieci/slacomp-us.mat,3
c5993636-d4c6-48c6-b8ad-ce004fbedb79, 0.900000,1.000000,6.309573,0.000000,sieci/slacomp-germany.mat,3
59838941-117e-48ab-8590-b396ac4bb6a9, 0.900000,1.000000,6.309573,0.000000,sieci/slacomp-us.mat,3
32df87d5-d772-4cad-903d-5f2340c4ad62, 0.900000,1.000000,6.309573,0.000010,sieci/slacomp-germany.mat,3
f1d8c1eb-0103-4db1-90a5-544815009132, 0.900000,1.000000,6.309573,0.000010,sieci/slacomp-us.mat,3
d8fcec29-a10c-4779-9153-0f9795f273b2, 0.900000,100.000000,0.100000,0.000000,sieci/slacomp-germany.mat,3
d73dbcb8-8685-4e36-8c35-14da60eccc5b, 0.900000,100.000000,0.100000,0.000000,sieci/slacomp-us.mat,3
78efb3bf-b33f-4348-89d3-83bff9dca9e6, 0.900000,100.000000,0.100000,0.000010,sieci/slacomp-germany.mat,3
e904936f-3adc-4331-8589-2bc2e711a2da, 0.900000,100.000000,0.100000,0.000010,sieci/slacomp-us.mat,3
d2a0af88-5b68-4dfc-9a21-971f9b7a35f3, 0.900000,100.000000,0.398107,0.000000,sieci/slacomp-germany.mat,3
6231fda7-610e-478e-98fb-6ba1188fd878, 0.900000,100.000000,0.398107,0.000000,sieci/slacomp-us.mat,3
f9d275bc-f059-46a5-92b3-e8842552de8a, 0.900000,100.000000,0.398107,0.000010,sieci/slacomp-germany.mat,3
bf342548-6c19-4781-97c3-a7ca24c69f94, 0.900000,100.000000,0.398107,0.000010,sieci/slacomp-us.mat,3
60bfc72e-8ade-4de3-a450-d784e43035ac, 0.900000,100.000000,1.584893,0.000000,sieci/slacomp-germany.mat,3
c84a5c8c-350d-4328-adc7-bc1879736208, 0.900000,100.000000,1.584893,0.000000,sieci/slacomp-us.mat,3
df0ef044-996c-462f-8f9b-b0210c5b9d4c, 0.900000,100.000000,1.584893,0.000010,sieci/slacomp-germany.mat,3
bc870731-ce01-4057-a1b8-99025de1b5ca, 0.900000,100.000000,1.584893,0.000010,sieci/slacomp-us.mat,3
fd23ad57-dd50-4c6d-9471-63268c8728f1, 0.900000,100.000000,6.309573,0.000000,sieci/slacomp-germany.mat,3
7c98acb0-a506-4319-94af-613c70f8b896, 0.900000,100.000000,6.309573,0.000000,sieci/slacomp-us.mat,3
63d90e5c-6e23-4393-bf4d-bc40014d9a4e, 0.900000,100.000000,6.309573,0.000010,sieci/slacomp-germany.mat,3
8e9a6d01-e2af-47fb-a65b-e126abc06d8a, 0.900000,100.000000,6.309573,0.000010,sieci/slacomp-us.mat,3
cfe2f63b-7b9b-4f54-ba37-bdfc6c87da28, 1.000000,1.000000,0.100000,0.000000,sieci/slacomp-germany.mat,3
eee70688-1bda-4380-a5b4-816c28ca50aa, 1.000000,1.000000,0.100000,0.000000,sieci/slacomp-us.mat,3
dcfd1a7f-46e0-4260-9845-034c9eabed39, 1.000000,1.000000,0.100000,0.000010,sieci/slacomp-germany.mat,3
065eaaec-8e0c-4555-9119-197749a2ce91, 1.000000,1.000000,0.100000,0.000010,sieci/slacomp-us.mat,3
3e0dd9dc-cf40-406b-b9de-7e58a695ee7f, 1.000000,1.000000,0.398107,0.000000,sieci/slacomp-germany.mat,3
c547ce29-eb79-4675-b53c-698686b6605c, 1.000000,1.000000,0.398107,0.000000,sieci/slacomp-us.mat,3
d4256299-53e9-4583-bd49-9baa51a5adf6, 1.000000,1.000000,0.398107,0.000010,sieci/slacomp-germany.mat,3
e2202be5-b58d-4b5c-b9f2-6874ccf3cfa2, 1.000000,1.000000,0.398107,0.000010,sieci/slacomp-us.mat,3
19ae19df-04ae-4e07-aa39-1f54902fc6c6, 1.000000,1.000000,1.584893,0.000000,sieci/slacomp-germany.mat,3
d34c5547-b57f-4106-bee1-92d05b5d4b87, 1.000000,1.000000,1.584893,0.000000,sieci/slacomp-us.mat,3
46734faf-8368-43ff-92fe-1c8738dedd3e, 1.000000,1.000000,1.584893,0.000010,sieci/slacomp-germany.mat,3
f86ebc0e-7f3e-4fb9-a5a5-cbab51ebf6b9, 1.000000,1.000000,1.584893,0.000010,sieci/slacomp-us.mat,3
69c3cad1-e6a2-4799-91cd-89e8d3b129a9, 1.000000,1.000000,6.309573,0.000000,sieci/slacomp-germany.mat,3
68decd5b-1c1e-44cf-be57-ea5e79e5f701, 1.000000,1.000000,6.309573,0.000000,sieci/slacomp-us.mat,3
1f8a179b-2614-4280-8b5c-1dd3c9d084f0, 1.000000,1.000000,6.309573,0.000010,sieci/slacomp-germany.mat,3
147fe656-fa7c-4493-b8b0-ad798f13ead9, 1.000000,1.000000,6.309573,0.000010,sieci/slacomp-us.mat,3
b6b553f8-32ba-4716-989b-7338d2dc2258, 1.000000,100.000000,0.100000,0.000000,sieci/slacomp-germany.mat,3
a28b7c59-0eb8-43a9-9597-1145ce43e4e1, 1.000000,100.000000,0.100000,0.000000,sieci/slacomp-us.mat,3
b0fb0ba9-13de-40ca-87ee-77a43c5a0391, 1.000000,100.000000,0.100000,0.000010,sieci/slacomp-germany.mat,3
1c2ce160-92b6-47a8-a30d-71bea35f6bed, 1.000000,100.000000,0.100000,0.000010,sieci/slacomp-us.mat,3
ae338f00-1c6e-4f31-8e05-7a2eacdec691, 1.000000,100.000000,0.398107,0.000000,sieci/slacomp-germany.mat,3
4e2d04b4-5dd1-494e-83c5-a2e7489f0682, 1.000000,100.000000,0.398107,0.000000,sieci/slacomp-us.mat,3
cce8d578-a8d1-4f2c-8497-0bafe95754cf, 1.000000,100.000000,0.398107,0.000010,sieci/slacomp-germany.mat,3
8d37570d-a360-4e33-865b-8ec4f55a416c, 1.000000,100.000000,0.398107,0.000010,sieci/slacomp-us.mat,3
10d1f547-b685-4e4b-97b5-7bd724d53e4f, 1.000000,100.000000,1.584893,0.000000,sieci/slacomp-germany.mat,3
41fba913-8f2f-4888-b7d0-641ffc62c48b, 1.000000,100.000000,1.584893,0.000000,sieci/slacomp-us.mat,3
de7de237-e8c6-4822-9d7c-66d70ee8a560, 1.000000,100.000000,1.584893,0.000010,sieci/slacomp-germany.mat,3
0b3f146a-d7f3-44a4-8d21-7d71eb2b4235, 1.000000,100.000000,1.584893,0.000010,sieci/slacomp-us.mat,3
53bb2dd2-cc1a-4e22-aa5e-f14f94d2f512, 1.000000,100.000000,6.309573,0.000000,sieci/slacomp-germany.mat,3
a6700a7b-0ee3-49ee-a0ea-c92c04b25d32, 1.000000,100.000000,6.309573,0.000000,sieci/slacomp-us.mat,3
5e36d5ed-25dd-412f-843b-7287d69cfbfe, 1.000000,100.000000,6.309573,0.000010,sieci/slacomp-germany.mat,3
24551214-cd31-44e6-9c6c-67b17bf68d3b, 1.000000,100.000000,6.309573,0.000010,sieci/slacomp-us.mat,3
8c19801d-ee2f-4e77-97d7-74e6ca488c9c, 1.001000,1.000000,0.100000,0.000000,sieci/slacomp-germany.mat,3
64294f39-ab32-4a82-a4c0-b2e66d4a0ed8, 1.001000,1.000000,0.100000,0.000000,sieci/slacomp-us.mat,3
25340092-9cc2-4801-87d0-51f368021972, 1.001000,1.000000,0.100000,0.000010,sieci/slacomp-germany.mat,3
b428e2c4-908d-4cf3-9896-cea36c29f85c, 1.001000,1.000000,0.100000,0.000010,sieci/slacomp-us.mat,3
35d98a95-0b87-4155-918c-687fd2348ae2, 1.001000,1.000000,0.398107,0.000000,sieci/slacomp-germany.mat,3
0124d6ae-6430-4076-96dc-5b9a06bde461, 1.001000,1.000000,0.398107,0.000000,sieci/slacomp-us.mat,3
6e3ab6a2-93c9-4815-b979-7c293d3d9722, 1.001000,1.000000,0.398107,0.000010,sieci/slacomp-germany.mat,3
598bdee0-a55f-4a41-b479-5e2f236ad271, 1.001000,1.000000,0.398107,0.000010,sieci/slacomp-us.mat,3
d37e515c-cd9a-4f42-89e9-78b78e52f038, 1.001000,1.000000,1.584893,0.000000,sieci/slacomp-germany.mat,3
43ba937f-9e5e-4375-bd4b-8b10db26ed02, 1.001000,1.000000,1.584893,0.000000,sieci/slacomp-us.mat,3
07e1d322-1cda-4979-a95f-1fde54e585a4, 1.001000,1.000000,1.584893,0.000010,sieci/slacomp-germany.mat,3
9bb8ce8d-c881-47fa-b39f-b8b81a4c4bee, 1.001000,1.000000,1.584893,0.000010,sieci/slacomp-us.mat,3
9aaff79d-a0c9-4490-bddb-4d4c6483ccfb, 1.001000,1.000000,6.309573,0.000000,sieci/slacomp-germany.mat,3
1402d15b-ccf5-47f0-9390-9b1e4aeb005a, 1.001000,1.000000,6.309573,0.000000,sieci/slacomp-us.mat,3
20fb62f5-557a-4dcf-87d9-4712b7d37b3d, 1.001000,1.000000,6.309573,0.000010,sieci/slacomp-germany.mat,3
a04c11a6-ffb9-4acd-abd3-f37407b791a5, 1.001000,1.000000,6.309573,0.000010,sieci/slacomp-us.mat,3
8e1244f2-1bca-4d48-8f9f-9e9ddbfaa5fc, 1.001000,100.000000,0.100000,0.000000,sieci/slacomp-germany.mat,3
cd536dca-bb56-459e-bb7a-f4b85876b74c, 1.001000,100.000000,0.100000,0.000000,sieci/slacomp-us.mat,3
d96fc7f1-b16e-499e-9748-c301b954bb89, 1.001000,100.000000,0.100000,0.000010,sieci/slacomp-germany.mat,3
4bed3130-c55a-40c6-b9f6-608aa2d2ca1b, 1.001000,100.000000,0.100000,0.000010,sieci/slacomp-us.mat,3
7f3fe8fa-25c9-4a02-9607-7e7e0169ecda, 1.001000,100.000000,0.398107,0.000000,sieci/slacomp-germany.mat,3
71868e2f-56b6-455f-a26b-dd067dcb6a9a, 1.001000,100.000000,0.398107,0.000000,sieci/slacomp-us.mat,3
6ec3bc0a-1234-475d-a349-8dca6bb3549d, 1.001000,100.000000,0.398107,0.000010,sieci/slacomp-germany.mat,3
304e6b1b-0d9d-492b-bf73-bccc2f68133b, 1.001000,100.000000,0.398107,0.000010,sieci/slacomp-us.mat,3
0eff08ad-ebc2-43d1-8aa0-dd23b53e50be, 1.001000,100.000000,1.584893,0.000000,sieci/slacomp-germany.mat,3
9deeb6d6-13a4-49a8-a105-0dc6ef1de8b3, 1.001000,100.000000,1.584893,0.000000,sieci/slacomp-us.mat,3
387d5907-10b9-4c5e-ae70-0f5dab76cfd9, 1.001000,100.000000,1.584893,0.000010,sieci/slacomp-germany.mat,3
7b47af55-0bbc-4c86-bfd4-6c6aef17ef58, 1.001000,100.000000,1.584893,0.000010,sieci/slacomp-us.mat,3
fe8b230f-aa8c-4880-bc6f-6340b0518305, 1.001000,100.000000,6.309573,0.000000,sieci/slacomp-germany.mat,3
e2a7ec60-e979-470f-b598-e1b9b1c55989, 1.001000,100.000000,6.309573,0.000000,sieci/slacomp-us.mat,3
f9de2a77-aefc-4ac1-a3cf-28fcd6588feb, 1.001000,100.000000,6.309573,0.000010,sieci/slacomp-germany.mat,3
666f47c8-197f-49f0-8720-7a9e75db4714, 1.001000,100.000000,6.309573,0.000010,sieci/slacomp-us.mat,3
c897fefa-b9ab-4564-8e1a-b6d5db8f86a2, 1.010000,1.000000,0.100000,0.000000,sieci/slacomp-germany.mat,3
6c2396a1-dc5c-4aa0-9b44-58d6a474298c, 1.010000,1.000000,0.100000,0.000000,sieci/slacomp-us.mat,3
b73d1753-701b-4703-bd7a-35e055063a89, 1.010000,1.000000,0.100000,0.000010,sieci/slacomp-germany.mat,3
530d47cc-f27f-4824-b5f8-6b63b1c1ff0e, 1.010000,1.000000,0.100000,0.000010,sieci/slacomp-us.mat,3
bba93ad7-6af7-474f-97b4-091b2ce6db18, 1.010000,1.000000,0.398107,0.000000,sieci/slacomp-germany.mat,3
3b8f315d-c931-440c-bcdb-b260b2d2f562, 1.010000,1.000000,0.398107,0.000000,sieci/slacomp-us.mat,3
79c892cb-c34e-498b-b36a-1a0f6f2a5a92, 1.010000,1.000000,0.398107,0.000010,sieci/slacomp-germany.mat,3
49cc9aa0-6f34-481b-adf0-050d100204ca, 1.010000,1.000000,0.398107,0.000010,sieci/slacomp-us.mat,3
525e114a-cce7-4253-b476-e0a7d0b3d60e, 1.010000,1.000000,1.584893,0.000000,sieci/slacomp-germany.mat,3
33579e78-f04c-4276-9763-70523f713e7a, 1.010000,1.000000,1.584893,0.000000,sieci/slacomp-us.mat,3
a28b9021-7baa-4ad7-9dcc-09fa70941cb4, 1.010000,1.000000,1.584893,0.000010,sieci/slacomp-germany.mat,3
86b1c2ac-032a-439c-9816-412f3149424e, 1.010000,1.000000,1.584893,0.000010,sieci/slacomp-us.mat,3
fd27b221-253a-4ac4-acab-c5dc01eb518f, 1.010000,1.000000,6.309573,0.000000,sieci/slacomp-germany.mat,3
ca7a8afa-61c2-480d-9b79-d4e3fa4f096b, 1.010000,1.000000,6.309573,0.000000,sieci/slacomp-us.mat,3
b59ace1a-ea8b-46c4-980b-b7779f840a45, 1.010000,1.000000,6.309573,0.000010,sieci/slacomp-germany.mat,3
4d386bb1-8f08-4b7c-bc9a-bb2384c4869a, 1.010000,1.000000,6.309573,0.000010,sieci/slacomp-us.mat,3
1949d3cb-c075-4838-89dd-7914f57f84e7, 1.010000,100.000000,0.100000,0.000000,sieci/slacomp-germany.mat,3
acd5ed65-f2c9-49da-9574-48089e10382b, 1.010000,100.000000,0.100000,0.000000,sieci/slacomp-us.mat,3
1faf3d81-4a0b-4455-8e96-c7de11c1b8f8, 1.010000,100.000000,0.100000,0.000010,sieci/slacomp-germany.mat,3
ab7b9828-ad61-48b0-a8d4-036649015a94, 1.010000,100.000000,0.100000,0.000010,sieci/slacomp-us.mat,3
da8ac164-b574-4c86-8a5d-06ab3fd1538d, 1.010000,100.000000,0.398107,0.000000,sieci/slacomp-germany.mat,3
4488bb70-b857-43b3-9549-918534707afb, 1.010000,100.000000,0.398107,0.000000,sieci/slacomp-us.mat,3
36bea125-49ab-44d8-82a5-b9cd2a831a59, 1.010000,100.000000,0.398107,0.000010,sieci/slacomp-germany.mat,3
285bae66-8797-42a6-8e1a-e873f4ebadf0, 1.010000,100.000000,0.398107,0.000010,sieci/slacomp-us.mat,3
7e52aae6-04a7-455b-ad49-16dcbe1e9db5, 1.010000,100.000000,1.584893,0.000000,sieci/slacomp-germany.mat,3
fd0ebe2e-520d-4dee-a2cf-5271075f603c, 1.010000,100.000000,1.584893,0.000000,sieci/slacomp-us.mat,3
73973438-5412-4bcc-8e5f-552bf5b52271, 1.010000,100.000000,1.584893,0.000010,sieci/slacomp-germany.mat,3
4bca4696-72b7-43c3-918e-c73e5542f9fc, 1.010000,100.000000,1.584893,0.000010,sieci/slacomp-us.mat,3
71b18974-7d7e-4389-8d6f-06467ca02c16, 1.010000,100.000000,6.309573,0.000000,sieci/slacomp-germany.mat,3
ccc0f672-7ba2-4e97-87f5-07e12cd751e7, 1.010000,100.000000,6.309573,0.000000,sieci/slacomp-us.mat,3
d719b443-e77b-4da7-890f-a3fe92d6edab, 1.010000,100.000000,6.309573,0.000010,sieci/slacomp-germany.mat,3
e8bf6970-27ff-4a1c-93b3-ef72b93a6281, 1.010000,100.000000,6.309573,0.000010,sieci/slacomp-us.mat,3
00118823-c2f8-4863-aeff-3665d6bc2d28, 1.100000,1.000000,0.100000,0.000000,sieci/slacomp-germany.mat,3
99eba527-c7c8-47bf-8b82-e3fff96fa725, 1.100000,1.000000,0.100000,0.000000,sieci/slacomp-us.mat,3
3cf4555e-00c2-47f1-884e-9ef8f659a20d, 1.100000,1.000000,0.100000,0.000010,sieci/slacomp-germany.mat,3
d3d53cc3-9d9c-4906-a17c-0ad03be0fe2d, 1.100000,1.000000,0.100000,0.000010,sieci/slacomp-us.mat,3
10fb0b25-7a0b-454c-bd81-1279c1a5e96c, 1.100000,1.000000,0.398107,0.000000,sieci/slacomp-germany.mat,3
f50ea65e-e3ea-4c3e-afac-ae8e7c29cfbf, 1.100000,1.000000,0.398107,0.000000,sieci/slacomp-us.mat,3
1813b0cb-5ca0-457f-af3a-6d0c344842d1, 1.100000,1.000000,0.398107,0.000010,sieci/slacomp-germany.mat,3
7622e97e-e601-4d86-92d5-e8f389d1ce9f, 1.100000,1.000000,0.398107,0.000010,sieci/slacomp-us.mat,3
3ba40ce2-903b-42e1-99cb-12b7659893af, 1.100000,1.000000,1.584893,0.000000,sieci/slacomp-germany.mat,3
d3725ee3-0127-488d-b2c3-52d69953e5e2, 1.100000,1.000000,1.584893,0.000000,sieci/slacomp-us.mat,3
fa739af7-f626-4cea-9ceb-e529f549a304, 1.100000,1.000000,1.584893,0.000010,sieci/slacomp-germany.mat,3
06690711-9079-469e-9ff5-c64cb66eec62, 1.100000,1.000000,1.584893,0.000010,sieci/slacomp-us.mat,3
8540c17b-2d6b-4384-8095-b543467f089b, 1.100000,1.000000,6.309573,0.000000,sieci/slacomp-germany.mat,3
6e1da2bc-60f9-411c-a83c-827049cabd4b, 1.100000,1.000000,6.309573,0.000000,sieci/slacomp-us.mat,3
f521a02f-938d-48ff-908a-5dc735c4af0a, 1.100000,1.000000,6.309573,0.000010,sieci/slacomp-germany.mat,3
6cd6d1db-9110-4c7a-8e2a-2917bfe076d9, 1.100000,1.000000,6.309573,0.000010,sieci/slacomp-us.mat,3
f12497a7-3b2d-495b-bfcb-119526bd28e0, 1.100000,100.000000,0.100000,0.000000,sieci/slacomp-germany.mat,3
0576a51c-53b5-4b39-afb1-a2c21fc8f05b, 1.100000,100.000000,0.100000,0.000000,sieci/slacomp-us.mat,3
58f1f57c-2039-4de4-a3ca-1ff3eb7023a2, 1.100000,100.000000,0.100000,0.000010,sieci/slacomp-germany.mat,3
8d6f6274-9865-4701-a758-d55782c217d0, 1.100000,100.000000,0.100000,0.000010,sieci/slacomp-us.mat,3
c1aedbdc-aa69-4b4e-aecf-651271138965, 1.100000,100.000000,0.398107,0.000000,sieci/slacomp-germany.mat,3
5d645978-56af-4993-9fb5-edcc5a92caa9, 1.100000,100.000000,0.398107,0.000000,sieci/slacomp-us.mat,3
98ab2294-5c2a-4bde-ad00-a04992b7507d, 1.100000,100.000000,0.398107,0.000010,sieci/slacomp-germany.mat,3
70d236c0-981c-4186-a6c7-0e39c3f2c706, 1.100000,100.000000,0.398107,0.000010,sieci/slacomp-us.mat,3
0151b340-6c6b-4355-a17c-826a3840543d, 1.100000,100.000000,1.584893,0.000000,sieci/slacomp-germany.mat,3
25a8ea9b-c781-46bd-99c0-de1e7bd591f9, 1.100000,100.000000,1.584893,0.000000,sieci/slacomp-us.mat,3
b7198358-744d-45c5-88a4-809413b5c07a, 1.100000,100.000000,1.584893,0.000010,sieci/slacomp-germany.mat,3
483c3955-93af-4ccd-bcdd-6c180fd81dd9, 1.100000,100.000000,1.584893,0.000010,sieci/slacomp-us.mat,3
0538ee07-bd45-4ee9-ba37-e9b152576e11, 1.100000,100.000000,6.309573,0.000000,sieci/slacomp-germany.mat,3
8c17feed-f4ab-48a7-a86b-00861eec49e8, 1.100000,100.000000,6.309573,0.000000,sieci/slacomp-us.mat,3
f55045e9-68f2-44d5-8272-a03037e92b5f, 1.100000,100.000000,6.309573,0.000010,sieci/slacomp-germany.mat,3
641a81dc-b124-45d2-b763-5eb2407167a6, 1.100000,100.000000,6.309573,0.000010,sieci/slacomp-us.mat,3
f663fd12-d719-489f-b226-df750bafb8f3, 2.000000,1.000000,0.100000,0.000000,sieci/slacomp-germany.mat,3
e76ff3a2-7444-4d21-a7bb-7500d42a5d5c, 2.000000,1.000000,0.100000,0.000000,sieci/slacomp-us.mat,3
50638ffc-e012-4d83-914e-f8d2fcb89d71, 2.000000,1.000000,0.100000,0.000010,sieci/slacomp-germany.mat,3
64a01d44-8560-4e6f-a7bc-8620e023dfe8, 2.000000,1.000000,0.100000,0.000010,sieci/slacomp-us.mat,3
e9871998-6252-4762-b17b-a2a4bcbdd777, 2.000000,1.000000,0.398107,0.000000,sieci/slacomp-germany.mat,3
66a47469-f750-496d-a861-a772289087dd, 2.000000,1.000000,0.398107,0.000000,sieci/slacomp-us.mat,3
3bc06e21-987c-41c6-bf6d-8cf1357bfb28, 2.000000,1.000000,0.398107,0.000010,sieci/slacomp-germany.mat,3
4b663892-5669-42a5-8bd4-a44a00fddb82, 2.000000,1.000000,0.398107,0.000010,sieci/slacomp-us.mat,3
09bfe1ee-ea95-4ce0-ba6a-bdb07101ec03, 2.000000,1.000000,1.584893,0.000000,sieci/slacomp-germany.mat,3
b4af5bb2-ec55-4f69-8cc4-c76b8ce9e64d, 2.000000,1.000000,1.584893,0.000000,sieci/slacomp-us.mat,3
32a96cb3-41d9-49da-906a-44477511d3a4, 2.000000,1.000000,1.584893,0.000010,sieci/slacomp-germany.mat,3
62434cfe-c483-4602-9fbf-60404ccbdddd, 2.000000,1.000000,1.584893,0.000010,sieci/slacomp-us.mat,3
3e9faba4-a932-42b5-9490-0456633338d9, 2.000000,1.000000,6.309573,0.000000,sieci/slacomp-germany.mat,3
52630695-224c-45ff-a3bc-74a6195b6b6c, 2.000000,1.000000,6.309573,0.000000,sieci/slacomp-us.mat,3
1dbbe8b0-fbe9-42a2-8da7-70fec3203e86, 2.000000,1.000000,6.309573,0.000010,sieci/slacomp-germany.mat,3
685b587d-1d84-48b2-a894-8c44429a317d, 2.000000,1.000000,6.309573,0.000010,sieci/slacomp-us.mat,3
ca3121e7-7a77-49fe-919c-e466f92c478d, 2.000000,100.000000,0.100000,0.000000,sieci/slacomp-germany.mat,3
38396de2-f6cf-410c-a1f6-d5b6335ba1cd, 2.000000,100.000000,0.100000,0.000000,sieci/slacomp-us.mat,3
e49dc1ee-487b-4958-a0eb-e7f91b3502d8, 2.000000,100.000000,0.100000,0.000010,sieci/slacomp-germany.mat,3
d7633aa8-3824-40fa-88e1-818d6c396ed1, 2.000000,100.000000,0.100000,0.000010,sieci/slacomp-us.mat,3
3e20ae28-8853-4efa-861c-34df2c2ae520, 2.000000,100.000000,0.398107,0.000000,sieci/slacomp-germany.mat,3
c2faf120-7dcd-4b20-977d-aa8ca48ad368, 2.000000,100.000000,0.398107,0.000000,sieci/slacomp-us.mat,3
6ed95635-72ad-451f-a602-6662bffc9ba8, 2.000000,100.000000,0.398107,0.000010,sieci/slacomp-germany.mat,3
7c6fc369-9700-46fc-95f6-8f11b8196eda, 2.000000,100.000000,0.398107,0.000010,sieci/slacomp-us.mat,3
2784bb80-451c-4e85-86cf-b850e268a490, 2.000000,100.000000,1.584893,0.000000,sieci/slacomp-germany.mat,3
56955c2f-dbb0-4923-8063-262426b809b5, 2.000000,100.000000,1.584893,0.000000,sieci/slacomp-us.mat,3
e1b338d4-ffe4-4ff8-9101-12bc7d16365c, 2.000000,100.000000,1.584893,0.000010,sieci/slacomp-germany.mat,3
6f67b43d-44b5-40d4-8c88-cd327862be11, 2.000000,100.000000,1.584893,0.000010,sieci/slacomp-us.mat,3
b703ffb5-bbf6-4f6e-81d7-1bb4640e8475, 2.000000,100.000000,6.309573,0.000000,sieci/slacomp-germany.mat,3
ed9047f1-f79c-4bf2-a323-144bbc3cc4a7, 2.000000,100.000000,6.309573,0.000000,sieci/slacomp-us.mat,3
0643faa6-1388-4528-a7b6-394e8ea26cdd, 2.000000,100.000000,6.309573,0.000010,sieci/slacomp-germany.mat,3
0299bc24-ab80-4482-974c-5d95d9c3fd56, 2.000000,100.000000,6.309573,0.000010,sieci/slacomp-us.mat,3
91f6f4cc-1146-4847-832a-e91d6aa076d0, 3.000000,1.000000,0.100000,0.000000,sieci/slacomp-germany.mat,3
b44f6a5a-1972-45c9-9564-c174e724d51d, 3.000000,1.000000,0.100000,0.000000,sieci/slacomp-us.mat,3
8f61eb4a-2bb1-43e6-a27c-f4ecd8811636, 3.000000,1.000000,0.100000,0.000010,sieci/slacomp-germany.mat,3
fcef5006-f796-4a08-9964-e8503f1faa5d, 3.000000,1.000000,0.100000,0.000010,sieci/slacomp-us.mat,3
2070cd6c-80b7-4c9f-9874-cb004a245211, 3.000000,1.000000,0.398107,0.000000,sieci/slacomp-germany.mat,3
1759e35c-de44-47eb-98a5-cfb1db9bbb4f, 3.000000,1.000000,0.398107,0.000000,sieci/slacomp-us.mat,3
db34959c-56ff-45bf-809e-9af77125c7a1, 3.000000,1.000000,0.398107,0.000010,sieci/slacomp-germany.mat,3
9eac4167-71e9-45cb-acdf-c2e1a3075f32, 3.000000,1.000000,0.398107,0.000010,sieci/slacomp-us.mat,3
25227aab-2e6b-44ca-85b1-c2c5b29edd35, 3.000000,1.000000,1.584893,0.000000,sieci/slacomp-germany.mat,3
50b3f951-cda6-4fe5-8488-7999341f7371, 3.000000,1.000000,1.584893,0.000000,sieci/slacomp-us.mat,3
dccdde35-09cf-49ce-9eb9-125e3163f16a, 3.000000,1.000000,1.584893,0.000010,sieci/slacomp-germany.mat,3
695c658c-5364-4311-9455-3f39f8358ae4, 3.000000,1.000000,1.584893,0.000010,sieci/slacomp-us.mat,3
a43424db-182b-43a7-9d4f-fa469876b4ce, 3.000000,1.000000,6.309573,0.000000,sieci/slacomp-germany.mat,3
96dd79c6-5787-40ac-ba95-3f6593102845, 3.000000,1.000000,6.309573,0.000000,sieci/slacomp-us.mat,3
fcec16f4-8e19-4fc0-b64c-a6faf4154579, 3.000000,1.000000,6.309573,0.000010,sieci/slacomp-germany.mat,3
9174d5b0-7f5e-4195-a4c0-499f14d6ee15, 3.000000,1.000000,6.309573,0.000010,sieci/slacomp-us.mat,3
c966a008-9a55-43c1-a087-5092b5610ebc, 3.000000,100.000000,0.100000,0.000000,sieci/slacomp-germany.mat,3
867fe30b-4ee1-4e6c-a187-9c430ee93822, 3.000000,100.000000,0.100000,0.000000,sieci/slacomp-us.mat,3
946d175e-8ace-4c9c-9ce4-fcdeb68815cc, 3.000000,100.000000,0.100000,0.000010,sieci/slacomp-germany.mat,3
15f8a636-5a80-4f4a-99e1-de67d24b70e4, 3.000000,100.000000,0.100000,0.000010,sieci/slacomp-us.mat,3
28dfcf60-5d86-488b-93a1-47b20ad6f719, 3.000000,100.000000,0.398107,0.000000,sieci/slacomp-germany.mat,3
79cd1f99-a6f0-4c4c-96d1-a0825bb09112, 3.000000,100.000000,0.398107,0.000000,sieci/slacomp-us.mat,3
f8000429-d93a-4ec8-a500-6e528c35563e, 3.000000,100.000000,0.398107,0.000010,sieci/slacomp-germany.mat,3
7cfa7cfb-30e3-45a1-a397-2ea733921cc2, 3.000000,100.000000,0.398107,0.000010,sieci/slacomp-us.mat,3
2826cc54-96de-4f77-a914-efed80be73d2, 3.000000,100.000000,1.584893,0.000000,sieci/slacomp-germany.mat,3
649466cb-8a35-4ab9-b19e-8caf09609890, 3.000000,100.000000,1.584893,0.000000,sieci/slacomp-us.mat,3
e60679eb-7b8a-4919-be48-7c594cf36a83, 3.000000,100.000000,1.584893,0.000010,sieci/slacomp-germany.mat,3
1e201a4b-9eaf-4145-b2d2-80d9e6ea7d22, 3.000000,100.000000,1.584893,0.000010,sieci/slacomp-us.mat,3
ea98f388-998e-4517-930b-31024c4c1e29, 3.000000,100.000000,6.309573,0.000000,sieci/slacomp-germany.mat,3
5afe445c-aed3-4704-b37c-8c77abd598c0, 3.000000,100.000000,6.309573,0.000000,sieci/slacomp-us.mat,3
3d8ae4b2-a7c4-4753-821f-2e53bdd20e01, 3.000000,100.000000,6.309573,0.000010,sieci/slacomp-germany.mat,3
f664306a-696a-4eb7-9505-da561dc93546, 3.000000,100.000000,6.309573,0.000010,sieci/slacomp-us.mat,3
d06865de-9158-49ac-bab1-e9d87dfd468f, 4.000000,1.000000,0.100000,0.000000,sieci/slacomp-germany.mat,3
073fc6cc-c8b6-4ac2-aef2-9320a0b56057, 4.000000,1.000000,0.100000,0.000000,sieci/slacomp-us.mat,3
c0671d51-781a-4578-b83e-5988c8fee5a6, 4.000000,1.000000,0.100000,0.000010,sieci/slacomp-germany.mat,3
eec9e051-0126-4b03-929e-76fe0dc1352c, 4.000000,1.000000,0.100000,0.000010,sieci/slacomp-us.mat,3
c3a58dcb-7963-4780-9637-7311a1a2fa02, 4.000000,1.000000,0.398107,0.000000,sieci/slacomp-germany.mat,3
80f40e07-ceec-49f5-94c1-bee143096392, 4.000000,1.000000,0.398107,0.000000,sieci/slacomp-us.mat,3
5152e03d-9ea6-45c0-bfbf-e82921fd95fc, 4.000000,1.000000,0.398107,0.000010,sieci/slacomp-germany.mat,3
880a4988-fa4c-426e-96bf-03252399feaf, 4.000000,1.000000,0.398107,0.000010,sieci/slacomp-us.mat,3
a6bc2580-d855-4343-bd9b-5e6c4842fb61, 4.000000,1.000000,1.584893,0.000000,sieci/slacomp-germany.mat,3
786831ad-778e-44c2-837b-93b3b655cfa4, 4.000000,1.000000,1.584893,0.000000,sieci/slacomp-us.mat,3
d2e73b99-6946-4901-9dd8-0af4746958ec, 4.000000,1.000000,1.584893,0.000010,sieci/slacomp-germany.mat,3
1e086c05-241a-41b2-b300-d9d9ac78d70b, 4.000000,1.000000,1.584893,0.000010,sieci/slacomp-us.mat,3
7916be61-2e43-4d60-8392-f1665600fdfd, 4.000000,1.000000,6.309573,0.000000,sieci/slacomp-germany.mat,3
39b7fea1-1b84-4b3c-bd31-d6946d7d587f, 4.000000,1.000000,6.309573,0.000000,sieci/slacomp-us.mat,3
52fc7dfe-dcf8-41f6-b41e-330e9e806fab, 4.000000,1.000000,6.309573,0.000010,sieci/slacomp-germany.mat,3
7a9bf0cc-3cbf-4ac2-8f9e-ce5033d5fb9a, 4.000000,1.000000,6.309573,0.000010,sieci/slacomp-us.mat,3
a097ddfd-b8f4-4387-aaa2-4f732db07d13, 4.000000,100.000000,0.100000,0.000000,sieci/slacomp-germany.mat,3
3004d459-271d-42f0-a4b4-ef0423b0277f, 4.000000,100.000000,0.100000,0.000000,sieci/slacomp-us.mat,3
ba9d469a-fdbb-41f9-876a-d484a8dc9d23, 4.000000,100.000000,0.100000,0.000010,sieci/slacomp-germany.mat,3
fdcbc3f4-ede7-4bfd-88e2-4114aa3e9e16, 4.000000,100.000000,0.100000,0.000010,sieci/slacomp-us.mat,3
f612f520-dc4f-4764-a77a-5ba6ef090973, 4.000000,100.000000,0.398107,0.000000,sieci/slacomp-germany.mat,3
ec3764c6-1907-4abf-9367-aad265def743, 4.000000,100.000000,0.398107,0.000000,sieci/slacomp-us.mat,3
4a9c7e50-49d9-40d3-be7b-44b47896cf23, 4.000000,100.000000,0.398107,0.000010,sieci/slacomp-germany.mat,3
bb2dd74f-8485-404f-83cb-16781b45c4c1, 4.000000,100.000000,0.398107,0.000010,sieci/slacomp-us.mat,3
e4e3f9b6-5b84-4cc4-b154-e297a6c9d160, 4.000000,100.000000,1.584893,0.000000,sieci/slacomp-germany.mat,3
a024201e-d614-41ae-a11e-020c16f3a2d0, 4.000000,100.000000,1.584893,0.000000,sieci/slacomp-us.mat,3
05f447ee-3fd6-42b6-8350-5f7dc29e01fd, 4.000000,100.000000,1.584893,0.000010,sieci/slacomp-germany.mat,3
f81ecd8f-0eda-43d9-a184-99157dd34b78, 4.000000,100.000000,1.584893,0.000010,sieci/slacomp-us.mat,3
ef0c2539-af5d-4cd8-b519-b99c60042884, 4.000000,100.000000,6.309573,0.000000,sieci/slacomp-germany.mat,3
b64cea55-20d5-4eaf-bc02-892181a35533, 4.000000,100.000000,6.309573,0.000000,sieci/slacomp-us.mat,3
4434c3b2-f752-4089-a1b3-6961bf8ad641, 4.000000,100.000000,6.309573,0.000010,sieci/slacomp-germany.mat,3
2ed33431-579a-4310-ae75-54070d47ffee, 4.000000,100.000000,6.309573,0.000010,sieci/slacomp-us.mat,3
